1,23,25,2
2,21,25,3
3,19,25,4,38
4,17,25,5
5,14,25,6
6,11,25,7
7,8,25,8
8,5,25,9
9,3,25,10
10,2,24,11
11,1,23,12
12,1,21,13
13,1,19,14,49
14,1,17,15
15,1,15,16
16,1,13,17,50
17,1,11,18
18,1,8,19
19,1,5,20
20,1,3,21
21,2,2,22,67
22,3,1,23
23,6,1,24
24,10,1,25
25,13,1,26
26,16,1,27
27,19,1,28,51
28,23,1,29
29,24,2,30
30,25,3,31
31,25,7,32,74
32,25,9,33
33,25,13,34
34,25,16,35
35,25,19,36
36,25,23,37
37,24,24,1
38,18,23,39
39,17,22,40
40,16,20,41,77
41,14,20,42
42,12,21,43
43,10,22,44
44,8,22,45
45,6,22,46
46,5,21,47
47,5,19,48
48,4,18,49
49,2,18,13
50,2,14,51
51,3,13,52
52,5,12,53
53,7,12,54
54,8,11,55
55,9,10,56
56,11,9,57
57,13,9,58
58,15,8,59,68
59,16,7,60
60,17,5,61
61,18,3,27
62,14,7,58
63,12,6,62
64,10,5,63
65,8,4,64
66,5,4,65
67,3,3,66
68,16,9,69
69,17,11,70
70,19,12,71
71,21,13,72
72,22,12,73
73,23,10,74
74,24,8,31
75,19,15,71
76,18,17,75
77,17,18,76